replayTaskStats DFFD1 import {0.19 0.0 0.0 0.01 1 0.206698894501 cad52 1766639330.78 1766639330.99 1}
replayTaskStats DFFD1 configure {0.41 0.03 0.02 0.05 1 0.530309915543 cad52 1766639331.09 1766639331.62 1}
replayTaskStats DFFD1 initialization__ACQ_4 {0.22 0.03 1.58 0.32 1 51.0482571125 cad52 1766639353.96 1766639405.0 1 0.174185991287 50.8686878681 0.00384283065796 0.00389313697815 0.0317759513855 50.6320240498 0.0 0.0 0.0 0.0 0.0 0.0 0.0 0.0}
replayTaskStats DFFD1 initialization__ACQ_5 {0.06 0.01 1.56 0.22 1 50.7153480053 cad52 1766639405.0 1766639455.72 1 0.0402419567108 50.6703529358 0.00470900535583 0.00266599655151 0.0267658233643 50.6208660603 0.0 0.0 0.0 0.0 0.0 0.0 0.0 0.0}
replayTaskStats DFFD1 initialization__ACQ_3 {0.08 0.02 1.57 0.22 1 50.6691908836 cad52 1766639455.72 1766639506.39 1 0.0468380451202 50.6170978546 0.00701022148132 0.00342607498169 0.0314071178436 50.5535590649 0.0 0.0 0.0 0.0 0.0 0.0 0.0 0.0}
replayTaskStats DFFD1 initialization__ACQ_1 {0.14 0.03 2.34 0.26 1 50.7438800335 cad52 1766639506.39 1766639557.14 1 0.122693061829 50.6155531406 0.00459814071655 0.00286078453064 0.0283751487732 50.5570418835 0.0 0.0 0.0 0.0 0.0 0.0 0.0 0.0}
replayTaskStats DFFD1 initialization__ACQ_2 {0.07 0.02 1.82 0.22 1 50.7862179279 cad52 1766639557.14 1766639607.92 1 0.0511748790741 50.7307288647 0.00360894203186 0.00298500061035 0.0296280384064 50.6760189533 0.0 0.0 0.0 0.0 0.0 0.0 0.0 0.0}
replayTaskStats DFFD1 initialization__ACQ_6 {0.07 0.02 1.82 0.24 1 50.7091109753 cad52 1766639607.92 1766639658.63 1 0.0418500900269 50.6634762287 0.00496888160706 0.00324487686157 0.0288360118866 50.6072459221 0.0 0.0 0.0 0.0 0.0 0.0 0.0 0.0}
replayTaskStats DFFD1 setup_hbm__D__lh__CK__lh__ACQ_1 {0.09 0.02 372.11 2.13 1 424.193897963 cad52 1766639658.63 1766640082.83 1 0.0555331707001 424.134743929 0.0026650428772 0.00470495223999 0.00256991386414 424.094630003 0.0 0.0 0.0 0.0 0.0 0.0 0.0 0.0}
replayTaskStats DFFD1 setup_hbm__D__hl__CK__lh__ACQ_1 {0.1 0.01 189.55 1.45 1 240.471170902 cad52 1766640082.83 1766640323.3 1 0.0567300319672 240.410746813 0.00261807441711 0.00708985328674 0.00232696533203 240.366110086 0.0 0.0 0.0 0.0 0.0 0.0 0.0 0.0}
replayTaskStats DFFD1 hold_hbm__D__lh__CK__lh__ACQ_1 {0.09 0.01 233.35 1.41 1 284.33535099 cad52 1766640323.3 1766640607.64 1 0.0529658794403 284.277724981 0.00285315513611 0.00527405738831 0.00235486030579 284.237419844 0.0 0.0 0.0 0.0 0.0 0.0 0.0 0.0}
replayTaskStats DFFD1 cmpw_hbm__CK__lh__CK__hl__ACQ_1 {0.1 0.01 58.76 0.5 1 108.363374949 cad52 1766640607.64 1766640716.0 1 0.071319103241 108.287703991 0.00258612632751 0.003338098526 0.00195217132568 108.254456043 0.0 0.0 0.0 0.0 0.0 0.0 0.0 0.0}
replayTaskStats DFFD1 hold_hbm__D__hl__CK__lh__ACQ_1 {0.09 0.01 231.95 1.55 1 283.117289066 cad52 1766640716.0 1766640999.12 1 0.054750919342 283.058488131 0.00251793861389 0.00507521629333 0.00253105163574 283.018785954 0.0 0.0 0.0 0.0 0.0 0.0 0.0 0.0}
replayTaskStats DFFD1 ncmpw_hbm__CK__hl__CK__lh__ACQ_1 {0.07 0.01 81.45 0.6 1 131.220842838 cad52 1766640999.12 1766641130.34 1 0.0482559204102 131.168797016 0.00261211395264 0.00309705734253 0.00189900398254 131.140975952 0.0 0.0 0.0 0.0 0.0 0.0 0.0 0.0}
replayTaskStats DFFD1 delay__CK__lh__QN__lh__ACQ_1 {0.09 0.02 8.19 0.26 1 56.8525500298 cad52 1766641130.34 1766641187.19 1 0.0574440956116 56.7912220955 0.00231313705444 0.0067241191864 0.000852823257446 56.7548689842 0.0 0.0 0.0 0.0 0.0 0.0 0.0 0.0}
replayTaskStats DFFD1 delay__CK__lh__Q__hl__ACQ_1 {0.09 0.0 7.11 0.23 1 56.3485021591 cad52 1766641187.2 1766641243.54 1 0.0543100833893 56.2901911736 0.00250601768494 0.00613594055176 0.000905990600586 56.2539288998 0.0 0.0 0.0 0.0 0.0 0.0 0.0 0.0}
replayTaskStats DFFD1 delay__CK__lh__QN__hl__ACQ_1 {0.1 0.01 6.39 0.25 1 55.3638880253 cad52 1766641243.54 1766641298.91 1 0.053160905838 55.3069360256 0.00234985351562 0.00909996032715 0.000858068466187 55.2657561302 0.0 0.0 0.0 0.0 0.0 0.0 0.0 0.0}
replayTaskStats DFFD1 delay__CK__lh__Q__lh__ACQ_1 {0.09 0.01 6.65 0.22 1 55.8778398037 cad52 1766641298.91 1766641354.79 1 0.0563318729401 55.8174569607 0.00283288955688 0.00626087188721 0.000923156738281 55.7809598446 0.0 0.0 0.0 0.0 0.0 0.0 0.0 0.0}
replayTaskStats DFFD1 leakage_power__ACQ_1 {0.06 0.01 1.36 0.18 1 50.439743042 cad52 1766641354.79 1766641405.23 1 0.0354700088501 50.4004738331 0.00249695777893 0.00276708602905 0.00250196456909 50.3773140907 0.0 0.0 0.0 0.0 0.0 0.0 0.0 0.0}
replayTaskStats DFFD1 energy__D__lh__ACQ_1 {0.09 0.01 2.24 0.19 1 51.168651104 cad52 1766641405.23 1766641456.4 1 0.0661401748657 51.0971331596 0.00420689582825 0.00513100624084 0.00180792808533 51.060354948 0.0 0.0 0.0 0.0 0.0 0.0 0.0 0.0}
replayTaskStats DFFD1 energy__CK__lh__ACQ_1 {0.11 0.02 2.19 0.18 1 51.1488409042 cad52 1766641456.4 1766641507.55 1 0.0723040103912 51.0712890625 0.00346684455872 0.0038800239563 0.00112581253052 51.0350961685 0.0 0.0 0.0 0.0 0.0 0.0 0.0 0.0}
replayTaskStats DFFD1 energy__D__hl__ACQ_1 {0.09 0.01 2.1 0.21 1 51.1584920883 cad52 1766641507.55 1766641558.71 1 0.0620331764221 51.0927600861 0.00265216827393 0.00312209129333 0.000893115997314 51.0636098385 0.0 0.0 0.0 0.0 0.0 0.0 0.0 0.0}
replayTaskStats DFFD1 energy__CK__hl__ACQ_1 {0.09 0.02 2.41 0.19 1 51.379420042 cad52 1766641558.71 1766641610.09 1 0.0659730434418 51.3076851368 0.00740694999695 0.00406098365784 0.00112295150757 51.2693860531 0.0 0.0 0.0 0.0 0.0 0.0 0.0 0.0}
replayTaskStats DFFD1 modeling {0.35 0.02 0.0 0.0 1 0.365395069122 cad52 1766641622.2 1766641622.57 1}
